1000 2000 15
1000 3000 20
2000 4000 10
3000 5000 5
4000 6000 8
5000 7000 12
6000 8000 9
7000 9000 18
8000 1000 6
9000 10000 11
1000 3000 7
2000 5000 3
3000 7000 14
4000 9000 10
5000 10000 4
6000 2000 16
7000 3000 7
8000 4000 8
9000 5000 12
10000 6000 9
1000 9000 21
1000 4000 2
6000 1000 8
8000 7000 19
7000 2000 6
2000 10000 10
3000 8000 11
4000 3000 5
5000 6000 7
6000 5000 9
7000 4000 12
8000 3000 8
9000 2000 4
10000 1000 6
1000 10000 20
2000 9000 10
3000 6000 5
4000 3000 8
5000 1000 12
6000 2000 9
7000 3000 18
8000 4000 6
9000 5000 11
10000 6000 7
1000 7000 8
2000 8000 9
3000 9000 12
4000 10000 18
5000 1000 6
6000 2000 11

