    Size  Iterations  Total Time (s)  Average Time (s)
0     11          10        0.004981          0.000498
1     11          20        0.007928          0.000396
2     11          30        0.011490          0.000383
3     11          40        0.014889          0.000372
4     11          50        0.016936          0.000339
5     11          60        0.021806          0.000363
6     11          70        0.022392          0.000320
7     11          80        0.031899          0.000399
8     11          90        0.039586          0.000440
9     11         100        0.036443          0.000364
10    21          10        0.011434          0.001143
11    21          20        0.020884          0.001044
12    21          30        0.031293          0.001043
13    21          40        0.035211          0.000880
14    21          50        0.050119          0.001002
15    21          60        0.054032          0.000901
16    21          70        0.062380          0.000891
17    21          80        0.076100          0.000951
18    21          90        0.080997          0.000900
19    21         100        0.083070          0.000831
20    31          10        0.018005          0.001801
21    31          20        0.024738          0.001237
22    31          30        0.034331          0.001144
23    31          40        0.047480          0.001187
24    31          50        0.055540          0.001111
25    31          60        0.085505          0.001425
26    31          70        0.116364          0.001662
27    31          80        0.136307          0.001704
28    31          90        0.115210          0.001280
29    31         100        0.119163          0.001192
30    41          10        0.016623          0.001662
31    41          20        0.034911          0.001746
32    41          30        0.051348          0.001712
33    41          40        0.063058          0.001576
34    41          50        0.081730          0.001635
35    41          60        0.097656          0.001628
36    41          70        0.113431          0.001620
37    41          80        0.128697          0.001609
38    41          90        0.144493          0.001605
39    41         100        0.194812          0.001948